86
43
90
25
31
29
48
12
21
55
33
39
13
62
64
69
72
95
3
42
76
35
38
7
37
97
56
54
19
77
34
9
92
52
98
15
43
87
59
17
67
38
56
82
74
34
45
28
16
35
87
49
99
18
10
93
70
63
11
17
40
5
85
16
22
49
18
31
16
60
44
89
98
69
47
65
87
0
67
45
60
94
63
39
35
87
82
50
20
33
16
28
34
18
90
3
68
81
67
80
3
90
78
45
71
29
65
61
54
63
76
99
17
27
32
70
39
43
95
74
25
44
73
28
62
64
52
74
43
77
28
89
76
75
84
88
46
78
21
41
72
16
15
59
49
41
72
75
51
70
91
14
5
62
29
74
57
73
93
90
68
63
63
100
89
43
34
34
23
41
91
57
96
97
55
25
61
92
58
93
48
2
67
95
48
97
84
0
39
74
84
29
34
12
17
87
42
0
7
11
