90
12
26
8
89
3
23
29
55
48
36
24
62
41
16
36
69
9
82
77
99
66
82
82
92
57
40
15
7
37
73
86
88
37
67
37
20
38
89
24
76
17
0
28
43
59
76
57
2
39
79
77
92
74
13
76
63
65
93
68
57
20
1
12
88
96
3
42
89
65
42
72
19
4
40
71
47
17
74
62
89
61
71
78
45
89
14
5
74
12
92
3
75
50
80
73
7
13
95
0
9
60
36
1
66
71
65
62
99
83
73
20
5
70
79
10
75
63
58
46
26
32
34
31
79
85
60
73
89
98
52
66
70
27
25
99
60
66
52
26
52
29
64
5
67
57
15
18
58
31
4
95
25
13
1
55
76
60
58
22
71
67
91
57
26
74
19
93
3
21
34
80
95
42
13
0
45
96
84
85
96
74
97
20
38
24
26
23
97
58
97
12
48
18
60
78
74
57
5
5
33
3
21
75
81
35
61
70
21
23
38
67
10
64
82
9
68
55
68
99
