77
6
20
53
68
16
91
38
25
96
63
18
68
38
82
56
6
53
8
75
49
34
46
25
77
30
6
0
19
47
48
95
38
48
21
68
87
97
70
53
51
81
43
56
20
94
51
31
21
64
93
21
69
70
16
40
75
9
42
83
95
90
98
22
94
16
83
49
13
92
57
11
68
70
50
25
47
57
31
27
7
89
92
93
0
87
24
53
100
10
82
78
85
27
28
54
94
84
93
50
72
37
84
26
34
11
25
62
46
69
66
68
2
18
22
91
1
19
72
44
81
12
63
95
17
34
94
86
15
17
42
29
58
11
27
42
58
74
99
51
30
89
91
35
2
89
96
66
77
80
67
52
24
43
18
4
85
57
72
79
75
4
58
54
57
69
2
16
96
1
58
34
35
8
0
58
14
100
83
15
98
18
4
95
39
27
43
19
56
47
52
16
7
95
16
38
23
81
1
98
11
77
93
8
19
26
24
32
20
76
75
94
95
69
33
21
7
42
77
94
33
29
16
9
38
