36
94
79
27
28
22
17
34
70
67
21
9
61
58
33
20
3
80
14
68
7
18
49
79
0
54
95
48
57
20
72
84
54
11
67
39
84
29
30
40
49
32
69
33
68
52
7
10
9
82
77
47
65
70
25
44
4
0
34
24
50
60
68
90
94
41
71
24
93
30
59
36
78
45
0
60
1
98
29
23
71
65
59
25
39
55
60
27
79
83
48
73
81
47
100
77
13
83
26
85
2
73
43
46
90
24
50
74
45
39
17
88
19
24
68
39
97
39
39
96
14
39
7
51
24
32
85
54
83
54
33
97
1
55
40
5
38
77
67
50
53
5
75
13
45
26
94
19
71
57
36
2
69
27
72
11
34
34
55
78
62
72
0
70
67
47
68
13
44
77
82
14
90
94
21
93
60
70
79
62
93
90
51
40
17
28
71
37
46
43
46
84
47
34
79
77
51
66
81
36
36
82
33
39
15
97
5
6
71
81
53
80
15
65
2
84
32
39
46
56
98
53
4
87
32
60
44
40
21
65
4
4
30
61
26
72
35
19
57
53
40
7
50
56
26
43
65
1
100
99
73
1
77
66
32
51
31
45
80
63
80
12
5
53
45
84
60
0
14
31
54
69
1
18
39
64
29
13
3
8
0
86
4
69
64
23
53
0
22
42
11
88
72
78
53
9
43
92
77
13
