9
30
82
83
64
65
74
9
84
79
27
24
100
88
88
98
40
72
52
27
25
11
41
92
20
85
57
60
70
14
3
93
73
78
19
29
16
63
77
9
64
88
64
59
98
13
32
92
45
99
39
44
94
66
9
23
93
36
3
67
6
63
39
65
89
41
89
27
96
16
40
78
99
10
88
28
1
61
74
23
15
31
62
40
84
46
75
22
57
7
61
2
34
85
15
38
38
97
76
5
54
85
54
52
52
88
19
69
46
70
43
42
83
81
40
42
29
39
23
32
42
6
73
60
11
72
32
93
53
54
91
25
51
12
49
86
58
57
51
7
94
13
16
87
28
58
43
95
87
84
35
24
17
31
99
9
96
76
78
36
74
39
44
73
78
28
60
91
48
18
58
24
69
11
89
76
83
86
28
67
19
92
0
65
60
3
82
37
17
31
99
63
47
85
44
93
90
55
17
85
82
68
55
8
56
81
45
54
63
41
33
79
60
88
42
46
15
23
77
83
40
89
98
37
95
7
88
37
1
96
14
77
19
25
6
64
80
31
42
79
90
63
63
81
75
17
42
22
18
46
40
80
72
90
63
96
42
99
62
21
4
9
32
17
3
63
68
86
29
37
43
44
78
89
75
30
59
90
58
37
53
44
19
63
52
25
39
44
65
39
98
54
19
22
78
54
89
97
7
49
34
54
79
94
26
84
41
8
63
21
58
54
6
41
46
47
9
80
60
78
67
57
41
3
88
73
5
60
72
33
87
6
14
97
58
33
10
96
81
54
8
75
6
12
33
92
22
2
75
3
31
59
10
78
10
51
30
99
77
13
42
14
71
28
37
38
9
36
100
52
2
33
87
21
86
80
15
25
4
14
65
54
88
34
72
6
25
0
46
15
41
91
71
2
28
59
79
47
18
34
