72
12
23
66
30
12
28
36
54
72
66
84
16
59
11
54
15
12
92
42
29
58
10
57
68
11
34
3
44
57
35
67
44
5
54
59
74
92
16
57
58
89
10
47
76
76
85
95
23
21
40
13
50
79
73
71
19
91
97
97
17
97
1
53
91
65
13
44
19
78
26
97
46
58
28
99
25
51
15
100
59
13
82
11
22
41
75
65
61
43
70
72
57
65
84
71
73
26
94
19
0
83
62
24
47
66
10
37
66
73
40
49
33
2
27
12
65
61
10
67
26
65
0
56
3
75
55
85
67
94
46
72
99
74
58
30
65
86
85
19
93
35
46
85
97
37
20
67
25
63
29
33
82
2
50
21
38
70
38
56
95
3
43
62
49
32
35
46
7
25
35
16
90
4
67
85
68
20
11
87
54
75
21
5
58
24
93
16
70
97
16
75
0
33
12
87
89
13
70
70
24
63
51
15
94
87
53
69
5
47
0
65
66
80
83
25
9
60
15
66
95
7
78
19
72
21
9
55
66
54
42
90
84
62
10
12
16
73
6
23
75
66
85
4
94
16
46
76
27
10
58
87
57
76
77
97
52
11
30
64
32
10
92
63
84
30
54
17
67
18
95
21
29
58
82
1
45
18
5
68
71
93
82
20
33
79
79
26
33
31
31
1
76
22
23
34
22
38
97
55
88
84
11
51
78
64
45
36
69
70
61
94
33
48
36
51
8
34
84
79
61
5
11
27
23
82
6
79
75
55
99
73
96
64
30
71
40
1
86
73
39
72
31
15
1
11
77
57
38
94
96
52
85
23
69
40
21
95
53
41
73
35
76
62
64
40
60
53
7
76
39
16
67
51
41
7
90
62
20
26
57
1
65
10
57
62
59
61
52
16
75
10
20
14
55
61
26
65
100
8
72
20
36
73
37
0
24
99
51
66
32
39
55
11
77
60
14
33
66
60
38
75
79
48
54
53
26
36
47
2
30
54
5
63
44
50
54
39
16
51
28
65
19
62
19
4
44
95
45
22
47
68
77
79
58
87
20
71
64
36
97
25
46
10
43
65
99
88
59
11
52
43
95
78
23
45
12
71
9
7
55
55
81
78
86
60
6
65
32
25
24
55
66
49
58
14
55
91
4
77
