38
54
4
61
85
23
41
98
12
91
74
17
25
14
89
64
60
14
87
88
19
94
29
57
47
72
60
69
43
96
96
24
8
53
34
79
18
29
44
60
47
69
47
81
45
59
99
51
42
26
28
54
11
38
64
34
64
26
88
25
41
54
57
48
22
6
98
41
28
53
31
68
56
100
81
98
21
10
95
16
32
21
13
89
99
3
77
41
60
37
94
23
100
20
6
49
99
8
10
30
75
18
18
55
52
49
82
89
63
38
73
98
93
80
38
20
66
71
53
94
27
99
35
7
84
80
96
1
61
69
80
50
15
14
61
24
82
17
10
67
23
9
4
69
40
4
74
12
67
53
94
10
54
67
49
20
25
30
86
26
80
1
51
4
59
6
89
13
60
50
15
32
17
96
97
