48
13
78
35
65
24
44
95
67
40
43
42
85
1
40
81
46
34
21
14
26
55
49
79
20
86
3
32
35
7
61
69
40
15
8
49
79
31
85
71
49
48
59
63
80
36
21
90
66
99
97
30
84
75
46
0
53
46
32
12
79
28
29
88
90
45
38
51
20
30
64
45
91
87
35
66
94
100
41
3
20
4
62
91
9
1
61
72
79
44
60
43
35
53
56
57
76
24
79
47
78
17
80
35
56
75
64
14
61
92
14
25
12
44
31
92
54
47
81
63
62
58
89
93
74
71
23
97
8
32
86
26
54
98
74
15
44
70
98
26
19
83
40
86
58
95
89
57
48
4
28
56
74
81
72
62
5
1
31
80
38
6
28
1
27
34
99
14
86
31
66
52
67
41
63
89
61
15
34
44
2
69
37
87
37
8
44
81
58
84
18
17
24
96
15
33
5
16
36
31
