6
60
90
92
9
34
97
7
79
26
37
78
36
94
34
11
79
52
15
42
78
45
61
13
71
41
16
78
54
48
42
90
54
65
36
0
49
42
64
48
25
71
19
99
24
48
30
45
94
11
85
94
81
82
77
54
80
35
58
34
52
47
20
94
92
54
49
51
5
19
59
48
37
30
0
41
68
53
3
41
43
100
94
47
7
84
100
92
90
8
70
76
4
89
18
76
3
27
12
9
31
11
45
20
69
23
70
29
78
81
83
29
60
57
91
86
79
84
82
90
76
79
6
4
31
31
75
19
7
40
59
25
78
77
92
85
87
25
16
3
32
39
18
23
67
83
24
82
70
0
72
28
80
69
37
26
36
77
28
64
72
14
80
35
39
71
40
34
96
27
23
13
99
57
82
61
85
93
42
31
71
46
91
41
89
91
33
39
81
13
69
22
90
42
69
87
1
3
62
49
21
81
79
11
86
