96
60
59
18
71
71
27
67
6
57
49
85
88
96
17
66
32
86
76
15
23
21
89
48
7
60
88
6
39
56
54
84
89
88
60
0
52
60
70
79
43
84
0
61
16
61
23
13
5
22
99
81
32
12
49
27
0
83
25
9
91
81
8
19
42
30
76
94
17
64
30
29
6
81
91
100
99
37
92
52
2
67
87
63
4
17
89
54
5
71
52
98
18
9
68
61
64
91
96
95
75
34
52
12
58
60
24
79
78
94
99
29
10
9
88
98
90
2
73
56
63
27
95
91
75
8
84
71
37
20
42
36
26
9
71
23
12
87
7
42
46
35
92
39
26
41
33
72
3
3
55
19
69
5
11
16
29
84
14
61
63
51
58
54
69
23
2
78
24
6
61
45
71
41
0
55
100
77
19
19
23
54
50
13
14
85
55
96
42
72
79
21
27
90
94
24
62
79
93
95
5
91
32
49
4
96
64
59
39
69
