67
35
44
35
54
92
55
71
47
2
43
25
44
66
38
30
42
33
7
69
3
12
76
27
42
8
35
16
52
68
35
97
84
71
35
50
27
77
99
42
72
92
90
96
9
87
74
39
52
71
39
3
10
77
21
17
7
47
92
49
42
12
49
65
75
60
5
7
23
75
82
72
61
95
41
17
49
74
29
7
1
95
93
99
71
82
50
69
9
76
39
48
67
95
26
86
18
88
79
69
43
58
29
32
58
16
98
11
32
39
52
4
97
89
13
1
70
71
48
49
99
92
70
24
89
72
60
100
84
9
92
16
47
45
9
12
78
35
13
0
96
77
89
96
99
50
0
36
13
23
62
20
41
78
12
27
5
2
56
96
53
64
50
5
2
34
19
64
3
9
97
55
68
69
54
87
0
60
85
16
57
46
12
73
52
68
36
17
46
52
23
2
18
97
19
66
35
96
90
24
99
5
5
39
93
45
1
38
91
84
59
24
6
85
16
38
93
39
78
31
