28
11
70
80
99
79
1
3
17
46
25
14
96
54
5
30
59
74
81
78
97
16
17
29
61
16
87
76
49
13
95
69
79
99
40
46
35
0
10
4
63
39
88
29
44
53
14
1
45
17
32
28
88
2
9
84
35
3
99
23
74
0
5
78
63
68
88
30
43
73
12
28
0
93
47
25
59
16
19
63
66
8
68
98
92
72
9
59
24
12
86
61
27
15
58
27
57
95
24
36
40
37
32
27
99
27
3
75
95
60
35
74
64
83
92
60
13
55
96
93
88
51
94
59
20
84
31
45
7
35
92
73
24
0
56
41
80
94
19
82
70
48
12
24
12
54
74
9
25
2
95
57
52
13
33
91
90
56
41
5
33
22
93
19
7
71
69
73
62
36
55
18
54
83
87
74
82
29
55
68
45
18
26
40
81
9
16
29
52
42
73
10
67
36
42
32
41
15
73
1
88
86
86
54
39
39
61
29
79
52
18
53
10
65
98
1
44
63
16
39
7
62
20
4
95
