97
15
83
1
44
2
53
6
87
6
66
47
72
56
94
66
32
13
73
75
32
54
71
73
15
36
65
60
73
17
61
91
89
59
55
11
66
9
23
68
82
87
73
16
68
67
34
24
35
12
96
42
21
5
15
27
51
47
28
35
8
49
22
13
80
5
81
50
19
63
24
37
17
50
61
94
93
10
76
89
54
36
51
35
92
45
60
46
13
78
79
43
14
55
57
64
88
23
31
28
42
77
46
81
29
20
69
22
74
61
90
19
10
51
47
39
1
90
54
94
31
96
78
23
55
63
89
52
94
9
85
12
60
93
14
3
58
55
0
79
5
48
27
77
19
31
45
71
90
48
36
8
12
29
68
47
36
99
66
17
72
70
3
94
100
68
85
60
52
74
3
70
72
32
32
14
79
55
99
44
87
14
32
35
40
69
47
56
98
70
5
41
97
22
57
3
39
57
88
37
69
63
69
30
17
68
5
22
14
45
48
93
93
0
90
61
4
2
23
39
36
0
9
57
67
98
92
82
23
53
51
70
67
13
91
16
6
60
55
63
20
3
27
86
35
22
54
79
97
40
