55
34
76
75
90
25
98
43
31
49
8
12
17
96
81
94
32
38
64
63
21
56
72
44
43
90
42
59
37
17
31
100
0
44
36
90
12
66
32
25
51
38
29
6
32
79
3
6
77
68
74
85
91
42
26
3
71
95
0
1
45
87
81
55
23
67
72
19
0
73
65
2
86
52
61
60
77
67
48
85
92
3
81
95
33
28
85
95
7
97
47
75
61
57
82
46
100
12
46
98
4
9
83
24
40
9
5
15
11
28
20
72
55
22
11
56
1
11
15
53
19
80
78
62
25
51
10
76
67
53
3
42
65
89
39
47
73
72
69
90
83
3
29
38
56
70
9
11
87
49
73
3
73
2
75
14
50
93
98
2
65
95
60
81
37
36
69
23
19
18
90
92
76
6
88
61
48
45
19
21
44
92
89
36
75
26
34
95
43
100
75
7
2
9
44
65
93
58
81
69
13
37
74
32
3
48
0
53
26
100
32
21
7
45
53
38
20
21
37
58
39
53
75
30
92
63
45
39
58
16
69
51
30
1
59
10
2
56
4
40
62
79
21
100
66
22
72
19
47
34
50
23
100
57
4
43
31
35
100
90
70
42
75
21
98
4
83
51
15
32
12
87
54
15
25
7
31
26
98
83
34
91
72
15
85
67
71
93
80
53
33
27
10
37
67
56
1
67
72
58
