50
58
83
56
21
78
62
97
50
77
42
35
67
36
73
80
39
66
8
12
17
6
14
61
51
95
17
70
3
61
57
20
63
3
77
58
87
91
12
79
15
10
7
84
89
72
47
32
35
64
55
67
0
58
7
75
9
60
36
57
17
17
44
94
67
35
32
17
75
33
59
98
92
6
49
49
49
40
68
1
81
34
44
69
89
98
3
49
70
73
74
18
10
98
100
31
65
23
82
81
31
95
67
33
77
18
13
16
38
35
68
0
90
55
22
3
35
56
75
51
76
99
96
33
86
22
9
80
90
89
12
37
38
23
28
44
34
46
75
8
55
61
63
77
49
77
46
74
40
68
65
36
25
25
43
23
4
59
19
95
62
86
80
20
42
57
76
33
16
88
31
59
59
100
44
93
84
62
68
24
4
58
36
67
33
79
23
71
45
9
28
23
30
87
93
30
50
27
8
52
58
15
65
62
86
73
96
51
91
76
86
86
81
19
26
53
6
68
57
93
40
15
78
23
48
96
88
5
60
16
90
73
93
43
82
16
3
38
39
53
32
59
77
21
85
6
24
60
1
19
20
9
82
32
19
1
89
71
71
68
38
83
93
47
50
91
48
96
27
51
55
98
64
66
12
56
7
15
83
48
81
79
23
27
98
15
58
19
97
8
56
78
82
42
60
21
70
60
51
74
75
72
17
98
1
11
58
37
75
84
14
19
46
37
92
61
5
33
46
63
24
64
28
100
65
55
7
78
26
73
56
8
74
92
22
46
57
34
37
31
91
76
89
46
67
41
53
10
90
12
87
37
56
82
51
21
100
21
13
56
83
48
5
66
98
59
82
40
34
35
91
29
71
36
7
80
21
93
52
52
82
56
80
16
55
1
86
86
74
54
72
39
62
76
3
81
64
10
84
91
