26
21
88
72
91
26
36
1
16
16
75
94
20
35
92
86
72
27
66
7
32
21
55
83
61
68
53
13
2
63
7
29
64
0
81
72
18
66
35
9
66
64
77
52
10
23
29
22
16
54
72
38
73
52
44
83
86
92
45
69
32
42
39
86
25
47
13
76
83
86
55
20
29
49
24
53
72
91
27
25
31
20
78
84
6
1
90
88
27
12
4
84
22
41
100
38
23
89
92
52
93
51
83
31
17
48
99
65
24
70
23
85
100
14
24
40
57
40
42
53
22
78
50
61
26
36
76
34
50
63
36
60
52
14
25
52
37
70
55
11
18
34
9
12
24
73
3
24
9
51
8
18
60
47
50
45
60
10
88
84
37
10
4
41
1
88
54
78
6
49
97
11
55
4
75
66
83
85
92
29
46
20
52
97
42
3
56
79
25
29
48
27
77
26
37
87
78
43
91
77
64
36
71
21
73
51
6
14
11
29
85
32
22
96
87
77
59
70
21
17
4
57
42
29
78
93
0
81
69
73
78
22
83
88
99
1
75
58
60
5
76
13
14
30
38
85
20
95
77
67
73
69
100
59
16
9
21
3
100
12
80
3
59
12
68
10
98
10
77
27
17
12
90
45
14
50
25
17
38
41
96
80
80
74
31
87
24
47
21
7
52
39
74
59
21
50
25
35
61
31
69
89
10
1
18
59
40
11
52
81
76
45
90
35
27
84
4
59
40
48
17
10
100
15
40
68
57
92
85
94
39
89
12
30
15
92
52
92
13
97
61
30
50
81
29
86
28
84
33
99
75
35
22
42
100
59
86
8
31
97
33
25
11
41
73
37
85
96
89
14
34
82
35
44
77
12
73
80
4
11
47
42
94
73
20
35
37
32
97
18
6
16
98
89
36
83
78
44
64
78
67
67
1
42
12
43
73
60
17
10
36
20
100
17
46
57
87
37
98
82
50
39
83
30
89
34
63
62
33
16
28
24
4
64
28
18
92
10
76
74
74
77
16
29
64
23
73
51
44
29
32
53
54
22
80
25
63
15
95
80
71
66
17
32
38
39
98
86
87
61
31
12
22
97
94
24
77
4
28
82
55
6
59
46
75
89
20
98
8
51
25
67
36
75
67
70
48
49
81
47
